0.1,19.89,0.1,0.43
0.2,20.3,0.2,0.45
0.3000000000,20.63,0.3000000000,0.47
0.4,20.96,0.4,0.49
0.5,21.36,0.5,0.51
0.6000000000,21.75,0.6000000000,0.54
0.7000000000,22.24,0.7000000000,0.57
0.8,22.62,0.8,0.59
0.9,23.07,0.9,0.61
1.,23.58,1.,0.64
1.1,24.03,1.1,0.67
1.2000000000,24.52,1.2000000000,0.7
1.3,25.16,1.3,0.74
1.4000000000,25.64,1.4000000000,0.76
1.5,26.23,1.5,0.8
1.6,26.85,1.6,0.83
1.7000000000,27.39,1.7000000000,0.86
1.8,28.11,1.8,0.9
1.9000000000,28.77,1.9000000000,0.94
2.,29.33,2.,0.97
2.1,30.1,2.1,1.02
2.2,30.78,2.2,1.05
2.3000000000,31.43,2.3000000000,1.09
2.4000000000,32.08,2.4000000000,1.12
2.5,32.56,2.5,1.15
2.6,33.35,2.6,1.19
2.7,33.95,2.7,1.22
2.8000000000,34.61,2.8000000000,1.26
2.9000000000,35.23,2.9000000000,1.29
3.,35.75,3.,1.32
3.1,36.41,3.1,1.35
3.2,36.88,3.2,1.37
3.3000000000,37.46,3.3000000000,1.4
3.4000000000,38.06,3.4000000000,1.43
3.5,38.53,3.5,1.46
3.6,39.03,3.6,1.48
3.7,39.49,3.7,1.5
3.8000000000,40.03,3.8000000000,1.53
3.9000000000,40.57,3.9000000000,1.55
4.,41.08,4.,1.58
4.1000000000,41.41,4.1000000000,1.59
4.2,41.84,4.2,1.61
4.3,42.32,4.3,1.64
4.4,42.79,4.4,1.66
4.5,43.11,4.5,1.67
4.6000000000,43.56,4.6000000000,1.69
4.7,43.95,4.7,1.71
4.8000000000,44.34,4.8000000000,1.73
4.9,44.7,4.9,1.74
5.,45.05,5.,1.76
5.1000000000,45.44,5.1000000000,1.78
5.2,45.76,5.2,1.79
5.3000000000,46.19,5.3000000000,1.81
5.4,46.42,5.4,1.82
5.5,46.8,5.5,1.83
5.6000000000,47.07,5.6000000000,1.84
5.7,47.46,5.7,1.86
5.8000000000,47.57,5.8000000000,1.87
5.9,48.02,5.9,1.88
6.,48.24,6.,1.89
6.1000000000,48.34,6.1000000000,1.9
6.2,48.71,6.2,1.91
6.3000000000,49.03,6.3000000000,1.93
6.4,49.38,6.4,1.94
6.5,49.68,6.5,1.95
6.6000000000,49.84,6.6000000000,1.96
6.7,49.76,6.7,1.95
6.8000000000,50.34,6.8000000000,1.98
6.9,50.54,6.9,1.98
7.,50.79,7.,1.99
7.1000000000,50.96,7.1000000000,2.
7.2,51.21,7.2,2.01
7.3000000000,51.38,7.3000000000,2.02
7.4,51.68,7.4,2.03
7.5,51.81,7.5,2.03
7.6000000000,52.06,7.6000000000,2.04
7.7,52.23,7.7,2.05
7.8000000000,52.49,7.8000000000,2.06
7.9,52.71,7.9,2.07
8.,52.89,8.,2.07
8.1,53.06,8.1,2.08
8.2000000000,53.28,8.2000000000,2.09
8.3,53.28,8.3,2.09
8.4,53.64,8.4,2.1
8.5,53.86,8.5,2.11
8.6,54.06,8.6,2.12
8.7000000000,53.99,8.7000000000,2.11
8.8,54.35,8.8,2.13
8.9,54.49,8.9,2.13
9.,54.63,9.,2.14
9.1,54.9,9.1,2.15
9.2000000000,54.99,9.2000000000,2.15
9.3,55.08,9.3,2.15
9.4,55.13,9.4,2.15
9.5,55.36,9.5,2.16
9.6000000000,55.55,9.6000000000,2.17
9.7000000000,55.83,9.7000000000,2.18
9.8,55.78,9.8,2.18
9.9,55.97,9.9,2.18
10.,56.11,10.,2.19
10.1000000000,56.3,10.1000000000,2.19
10.2000000000,56.4,10.2000000000,2.2
10.3,56.54,10.3,2.2
10.4,56.59,10.4,2.2
10.5,56.68,10.5,2.21
10.6000000000,56.85,10.6000000000,2.21
10.7000000000,56.97,10.7000000000,2.22
10.8,56.97,10.8,2.22
10.9,57.12,10.9,2.22
11.,57.29,11.,2.23
11.1000000000,57.36,11.1000000000,2.23
11.2000000000,57.53,11.2000000000,2.24
11.3,57.65,11.3,2.24
11.4,57.75,11.4,2.24
11.5,57.9,11.5,2.25
11.6000000000,57.95,11.6000000000,2.25
11.7000000000,57.95,11.7000000000,2.25
11.8,58.05,11.8,2.25
11.9,58.29,11.9,2.26
12.,58.39,12.,2.26
12.1000000000,58.47,12.1000000000,2.27
12.2000000000,58.49,12.2000000000,2.27
12.3,58.54,12.3,2.27
12.4,58.8,12.4,2.28
12.5,58.8,12.5,2.28
12.6000000000,58.95,12.6000000000,2.28
12.7000000000,59.1,12.7000000000,2.29
12.8,59.05,12.8,2.28
12.9,59.25,12.9,2.29
13.,59.25,13.,2.29
13.1000000000,59.36,13.1000000000,2.29
13.2000000000,59.46,13.2000000000,2.3
13.3,59.51,13.3,2.3
13.4,59.66,13.4,2.3
13.5,59.64,13.5,2.3
13.6000000000,59.77,13.6000000000,2.31
13.7000000000,59.87,13.7000000000,2.31
13.8,59.85,13.8,2.31
13.9,59.98,13.9,2.31
14.,60.03,14.,2.32
14.1000000000,60.08,14.1000000000,2.32
14.2000000000,60.18,14.2000000000,2.32
14.3,60.18,14.3,2.32
14.4,60.29,14.4,2.32
14.5,60.18,14.5,2.32
14.6000000000,60.61,14.6000000000,2.33
14.7000000000,60.45,14.7000000000,2.33
14.8,60.39,14.8,2.33
14.9,60.5,14.9,2.33
15.,60.71,15.,2.34
15.1000000000,60.82,15.1000000000,2.34
15.2000000000,60.79,15.2000000000,2.34
15.3,60.82,15.3,2.34
15.4,60.82,15.4,2.34
15.5,60.92,15.5,2.34
15.6000000000,60.92,15.6000000000,2.34
15.7000000000,61.,15.7000000000,2.35
15.8,60.95,15.8,2.34
15.9,61.03,15.9,2.35
16.,61.25,16.,2.35
16.1,61.25,16.1,2.35
16.2,61.25,16.2,2.35
16.3,61.25,16.3,2.35
16.4000000000,61.35,16.4000000000,2.36
16.5,61.38,16.5,2.36
16.6,61.35,16.6,2.36
16.7,61.46,16.7,2.36
16.8,61.43,16.8,2.36
16.9000000000,61.57,16.9000000000,2.36
17.,61.68,17.,2.37
17.1,61.62,17.1,2.36
17.2,61.57,17.2,2.36
17.3,61.76,17.3,2.37
17.4000000000,61.9,17.4000000000,2.37
17.5,61.9,17.5,2.37
17.6,61.76,17.6,2.37
17.7,61.87,17.7,2.37
17.8,61.9,17.8,2.37
17.9000000000,61.9,17.9000000000,2.37
18.,61.9,18.,2.37
18.1,61.9,18.1,2.37
18.2,62.06,18.2,2.38
18.3,62.12,18.3,2.38
18.4000000000,61.9,18.4000000000,2.37
18.5,62.23,18.5,2.38
18.6,62.34,18.6,2.38
18.7,62.23,18.7,2.38
18.8,62.34,18.8,2.38
18.9000000000,62.25,18.9000000000,2.38
19.,62.34,19.,2.38
19.1,62.34,19.1,2.38
19.2000000000,62.45,19.2000000000,2.39
19.3,62.34,19.3,2.38
19.4000000000,62.48,19.4000000000,2.39
19.5,62.62,19.5,2.39
19.6,62.53,19.6,2.39
19.7000000000,62.42,19.7000000000,2.39
19.8,62.5,19.8,2.39
19.9000000000,62.53,19.9000000000,2.39
20.,62.64,20.,2.39
20.1,62.67,20.1,2.39
20.2000000000,62.73,20.2000000000,2.4
20.3,62.73,20.3,2.4
20.4000000000,62.73,20.4000000000,2.4
20.5,62.7,20.5,2.4
20.6,62.62,20.6,2.39
20.7000000000,62.78,20.7000000000,2.4
20.8,62.67,20.8,2.39
20.9000000000,62.78,20.9000000000,2.4
21.,62.78,21.,2.4
21.1,62.78,21.1,2.4
21.2000000000,62.78,21.2000000000,2.4
21.3,62.78,21.3,2.4
21.4000000000,62.98,21.4000000000,2.4
21.5,62.9,21.5,2.4
21.6,62.9,21.6,2.4
21.7000000000,63.01,21.7000000000,2.4
21.8,62.98,21.8,2.4
21.9000000000,62.95,21.9000000000,2.4
22.,63.09,22.,2.41
22.1,63.07,22.1,2.41
22.2000000000,63.07,22.2000000000,2.41
22.3,63.09,22.3,2.41
22.4000000000,63.12,22.4000000000,2.41
22.5,63.23,22.5,2.41
22.6,63.23,22.6,2.41
22.7000000000,63.21,22.7000000000,2.41
22.8,63.23,22.8,2.41
22.9000000000,63.23,22.9000000000,2.41
23.,63.38,23.,2.41
23.1,63.18,23.1,2.41
23.2000000000,63.15,23.2000000000,2.41
23.3,63.32,23.3,2.41
23.4000000000,63.46,23.4000000000,2.42
23.5,63.41,23.5,2.42
23.6,63.46,23.6,2.42
23.7000000000,63.46,23.7000000000,2.42
23.8,63.46,23.8,2.42
23.9000000000,63.41,23.9000000000,2.42
24.,63.52,24.,2.42
24.1,63.58,24.1,2.42
24.2000000000,63.58,24.2000000000,2.42
24.3,63.58,24.3,2.42
24.4000000000,63.58,24.4000000000,2.42
24.5,63.58,24.5,2.42
24.6,63.55,24.6,2.42
24.7000000000,63.63,24.7000000000,2.42
24.8,63.69,24.8,2.42
24.9000000000,63.69,24.9000000000,2.42
25.,63.69,25.,2.42
25.1,63.69,25.1,2.42
25.2000000000,63.69,25.2000000000,2.42
25.3,63.58,25.3,2.42
25.4000000000,63.58,25.4000000000,2.42
25.5,63.58,25.5,2.42
25.6,63.58,25.6,2.42
25.7000000000,63.69,25.7000000000,2.42
25.8,63.58,25.8,2.42
25.9000000000,63.58,25.9000000000,2.42
26.,63.66,26.,2.42
26.1,63.61,26.1,2.42
26.2000000000,63.61,26.2000000000,2.42
26.3,63.58,26.3,2.42
26.4000000000,63.69,26.4000000000,2.42
26.5,63.69,26.5,2.42
26.6,63.69,26.6,2.42
26.7000000000,63.86,26.7000000000,2.43
26.8,63.46,26.8,2.42
26.9000000000,63.69,26.9000000000,2.42
27.,63.69,27.,2.42
27.1,63.69,27.1,2.42
27.2000000000,63.69,27.2000000000,2.42
27.3,63.69,27.3,2.42
27.4000000000,63.69,27.4000000000,2.42
27.5,63.69,27.5,2.42
27.6,63.81,27.6,2.43
27.7000000000,63.69,27.7000000000,2.42
27.8,63.69,27.8,2.42
27.9000000000,63.69,27.9000000000,2.42
28.,63.69,28.,2.42
28.1,63.69,28.1,2.42
28.2000000000,63.69,28.2000000000,2.42
28.3,63.69,28.3,2.42
28.4000000000,63.66,28.4000000000,2.42
28.5,63.69,28.5,2.42
28.6,63.69,28.6,2.42
28.7000000000,63.69,28.7000000000,2.42
28.8,63.63,28.8,2.42
28.9000000000,63.63,28.9000000000,2.42
29.,63.63,29.,2.42
29.1,63.23,29.1,2.41
29.2000000000,63.46,29.2000000000,2.42
29.3,63.23,29.3,2.41
29.4000000000,63.15,29.4000000000,2.41
29.5,63.23,29.5,2.41
29.6,63.07,29.6,2.41
29.7000000000,62.78,29.7000000000,2.4
29.8,62.95,29.8,2.4
29.9000000000,62.67,29.9000000000,2.39
30.,62.73,30.,2.4
30.1,62.56,30.1,2.39
30.2000000000,62.45,30.2000000000,2.39
30.3,62.28,30.3,2.38
30.4000000000,62.17,30.4000000000,2.38
30.5,62.17,30.5,2.38
30.6,62.06,30.6,2.38
30.7000000000,61.9,30.7000000000,2.37
30.8,61.9,30.8,2.37
30.9000000000,61.79,30.9000000000,2.37
31.,61.68,31.,2.37
31.1,61.52,31.1,2.36
31.2000000000,61.57,31.2000000000,2.36
31.3,61.41,31.3,2.36
31.4000000000,61.3,31.4000000000,2.35
31.5,61.17,31.5,2.35
31.6,61.03,31.6,2.35
31.7000000000,61.03,31.7000000000,2.35
31.8,61.,31.8,2.35
31.9000000000,60.92,31.9000000000,2.34
32.,60.71,32.,2.34
32.1,60.61,32.1,2.33
32.2,60.45,32.2,2.33
32.3000000000,60.5,32.3000000000,2.33
32.4,60.39,32.4,2.33
32.5,60.18,32.5,2.32
32.6,60.08,32.6,2.32
32.7,59.82,32.7,2.31
32.8000000000,59.92,32.8000000000,2.31
32.9,59.85,32.9,2.31
33.,59.66,33.,2.3
33.1,59.66,33.1,2.3
33.2,59.46,33.2,2.3
33.3000000000,59.36,33.3000000000,2.29
33.4,59.2,33.4,2.29
33.5,59.2,33.5,2.29
33.6,59.1,33.6,2.29
33.7,59.05,33.7,2.28
33.8000000000,58.85,33.8000000000,2.28
33.9,58.72,33.9,2.27
34.,58.65,34.,2.27
34.1,58.72,34.1,2.27
34.2,58.49,34.2,2.27
34.3000000000,58.49,34.3000000000,2.27
34.4,58.32,34.4,2.26
34.5,58.15,34.5,2.26
34.6,58.15,34.6,2.26
34.7,57.95,34.7,2.25
34.8000000000,57.95,34.8000000000,2.25
34.9,57.85,34.9,2.25
35.,57.65,35.,2.24
35.1,57.6,35.1,2.24
35.2,57.46,35.2,2.23
35.3000000000,57.46,35.3000000000,2.23
35.4,57.26,35.4,2.23
35.5,57.12,35.5,2.22
35.6,57.07,35.6,2.22
35.7,56.95,35.7,2.22
35.8000000000,56.92,35.8000000000,2.22
35.9,56.68,35.9,2.21
36.,56.78,36.,2.21
36.1,56.54,36.1,2.2
36.2,56.56,36.2,2.2
36.3000000000,56.35,36.3000000000,2.2
36.4,56.35,36.4,2.2
36.5,56.18,36.5,2.19
36.6,56.11,36.6,2.19
36.7,56.02,36.7,2.18
36.8000000000,55.95,36.8000000000,2.18
36.9,55.83,36.9,2.18
37.,55.69,37.,2.17
37.1,55.64,37.1,2.17
37.2,55.46,37.2,2.17
37.3000000000,55.41,37.3000000000,2.16
37.4,55.27,37.4,2.16
37.5,55.18,37.5,2.16
37.6,55.08,37.6,2.15
37.7,54.97,37.7,2.15
37.8000000000,54.83,37.8000000000,2.14
37.9,54.72,37.9,2.14
38.,54.67,38.,2.14
38.1,54.58,38.1,2.13
38.2,54.4,38.2,2.13
38.3000000000,54.22,38.3000000000,2.12
38.4000000000,54.22,38.4000000000,2.12
38.5,54.15,38.5,2.12
38.6,53.99,38.6,2.11
38.7,53.9,38.7,2.11
38.8000000000,53.77,38.8000000000,2.11
38.9000000000,53.64,38.9000000000,2.1
39.,53.52,39.,2.1
39.1,53.5,39.1,2.1
39.2,53.37,39.2,2.09
39.3000000000,53.11,39.3000000000,2.08
39.4000000000,53.06,39.4000000000,2.08
39.5,53.11,39.5,2.08
39.6,53.02,39.6,2.08
39.7,52.91,39.7,2.07
39.8000000000,52.75,39.8000000000,2.07
39.9000000000,52.67,39.9000000000,2.07
40.,52.56,40.,2.06
40.1,52.49,40.1,2.06
40.2,52.41,40.2,2.06
40.3000000000,52.32,40.3000000000,2.05
40.4000000000,52.23,40.4000000000,2.05
40.5,52.06,40.5,2.04
40.6,51.96,40.6,2.04
40.7,51.96,40.7,2.04
40.8000000000,51.89,40.8000000000,2.04
40.9000000000,51.89,40.9000000000,2.04
41.,51.64,41.,2.03
41.1,51.76,41.1,2.03
41.2,51.55,41.2,2.02
41.3000000000,51.51,41.3000000000,2.02
41.4000000000,51.36,41.4000000000,2.02
41.5,51.36,41.5,2.02
41.6,51.3,41.6,2.01
41.7,51.09,41.7,2.01
41.8000000000,51.04,41.8000000000,2.
41.9000000000,51.,41.9000000000,2.
42.,50.88,42.,2.
42.1,50.86,42.1,2.
42.2,50.67,42.2,1.99
42.3000000000,50.54,42.3000000000,1.98
42.4000000000,50.44,42.4000000000,1.98
42.5,50.54,42.5,1.98
42.6,50.3,42.6,1.98
42.7,50.17,42.7,1.97
42.8000000000,50.21,42.8000000000,1.97
42.9000000000,50.09,42.9000000000,1.97
43.,49.89,43.,1.96
43.1,49.89,43.1,1.96
43.2,49.8,43.2,1.96
43.3000000000,49.76,43.3000000000,1.95
43.4000000000,49.64,43.4000000000,1.95
43.5,49.56,43.5,1.95
43.6,49.48,43.6,1.94
43.7,49.4,43.7,1.94
43.8000000000,49.2,43.8000000000,1.93
43.9000000000,49.24,43.9000000000,1.93
44.,49.12,44.,1.93
44.1,49.03,44.1,1.93
44.2,49.01,44.2,1.92
44.3000000000,48.93,44.3000000000,1.92
44.4000000000,48.83,44.4000000000,1.92
44.5,48.83,44.5,1.92
44.6,48.58,44.6,1.91
44.7,48.67,44.7,1.91
44.8000000000,48.52,44.8000000000,1.9
44.9000000000,48.4,44.9000000000,1.9
45.,48.36,45.,1.9
45.1,48.28,45.1,1.89
45.2,48.02,45.2,1.88
45.3000000000,48.04,45.3000000000,1.88
45.4000000000,47.92,45.4000000000,1.88
45.5,48.04,45.5,1.88
45.6,47.9,45.6,1.88
45.7,47.81,45.7,1.88
45.8000000000,47.73,45.8000000000,1.87
45.9000000000,47.57,45.9000000000,1.87
46.,47.53,46.,1.86
46.1,47.34,46.1,1.86
46.2,47.46,46.2,1.86
46.3000000000,47.32,46.3000000000,1.86
46.4000000000,47.19,46.4000000000,1.85
46.5,47.03,46.5,1.84
46.6,47.15,46.6,1.85
46.7,46.99,46.7,1.84
46.8000000000,46.92,46.8000000000,1.84
46.9000000000,46.72,46.9000000000,1.83
47.,46.71,47.,1.83
47.1,46.69,47.1,1.83
47.2,46.57,47.2,1.82
47.3000000000,46.57,47.3000000000,1.82
47.4000000000,46.5,47.4000000000,1.82
47.5,46.38,47.5,1.82
47.6,46.27,47.6,1.81
47.7,46.25,47.7,1.81
47.8000000000,46.23,47.8000000000,1.81
47.9000000000,46.12,47.9000000000,1.8
48.,46.08,48.,1.8
48.1,45.93,48.1,1.8
48.2,45.72,48.2,1.79
48.3000000000,45.97,48.3000000000,1.8
48.4000000000,45.76,48.4000000000,1.79
48.5,45.63,48.5,1.78
48.6,45.52,48.6,1.78
48.7,45.46,48.7,1.78
48.8000000000,45.37,48.8000000000,1.77
48.9000000000,45.37,48.9000000000,1.77
49.,45.29,49.,1.77
49.1,45.14,49.1,1.76
49.2,45.11,49.2,1.76
49.3000000000,45.11,49.3000000000,1.76
49.4000000000,45.07,49.4000000000,1.76
49.5,44.92,49.5,1.75
49.6,44.89,49.6,1.75
49.7,44.78,49.7,1.75
49.8000000000,44.67,49.8000000000,1.74
49.9000000000,44.72,49.9000000000,1.74
50.,44.61,50.,1.74
50.1,44.63,50.1,1.74
50.2,44.46,50.2,1.73
50.3000000000,44.3,50.3000000000,1.73
50.4000000000,44.34,50.4000000000,1.73
50.5,44.28,50.5,1.72
50.6,44.3,50.6,1.73
50.7,44.05,50.7,1.71
50.8000000000,44.03,50.8000000000,1.71
50.9000000000,44.05,50.9000000000,1.71
51.,43.9,51.,1.71
51.1,43.9,51.1,1.71
51.2,43.83,51.2,1.7
51.3000000000,43.68,51.3000000000,1.7
51.4000000000,43.72,51.4000000000,1.7
51.5,43.74,51.5,1.7
51.6,43.65,51.6,1.7
51.7,43.5,51.7,1.69
51.8000000000,43.31,51.8000000000,1.68
51.9000000000,43.38,51.9000000000,1.68
52.,43.33,52.,1.68
52.1,43.18,52.1,1.68
52.2,43.15,52.2,1.67
52.3000000000,42.88,52.3000000000,1.66
52.4000000000,43.,52.4000000000,1.67
52.5,43.,52.5,1.67
52.6,43.08,52.6,1.67
52.7,42.74,52.7,1.66
52.8000000000,42.58,52.8000000000,1.65
52.9000000000,42.61,52.9000000000,1.65
53.,42.69,53.,1.65
53.1,42.56,53.1,1.65
53.2,42.56,53.2,1.65
53.3000000000,42.44,53.3000000000,1.64
53.4000000000,42.33,53.4000000000,1.64
53.5,42.26,53.5,1.63
53.6,42.05,53.6,1.62
53.7,42.19,53.7,1.63
53.8000000000,42.02,53.8000000000,1.62
53.9000000000,42.16,53.9000000000,1.63
54.,41.95,54.,1.62
54.1,41.88,54.1,1.62
54.2,41.91,54.2,1.62
54.3000000000,41.77,54.3000000000,1.61
54.4000000000,41.67,54.4000000000,1.61
54.5,41.7,54.5,1.61
54.6,41.64,54.6,1.6
54.7,41.57,54.7,1.6
54.8000000000,41.5,54.8000000000,1.6
54.9000000000,41.43,54.9000000000,1.59
55.,41.43,55.,1.59
55.1,41.34,55.1,1.59
55.2,41.22,55.2,1.59
55.3000000000,41.08,55.3000000000,1.58
55.4000000000,41.08,55.4000000000,1.58
55.5,41.08,55.5,1.58
55.6,41.05,55.6,1.58
55.7,40.95,55.7,1.57
55.8000000000,40.91,55.8000000000,1.57
55.9000000000,40.84,55.9000000000,1.57
56.,40.79,56.,1.56
56.1,40.71,56.1,1.56
56.2,40.74,56.2,1.56
56.3000000000,40.71,56.3000000000,1.56
56.4000000000,40.4,56.4000000000,1.55
56.5,40.47,56.5,1.55
56.6,40.47,56.6,1.55
56.7,40.23,56.7,1.54
56.8000000000,40.3,56.8000000000,1.54
56.9000000000,40.27,56.9000000000,1.54
57.,40.16,57.,1.54
57.1,40.11,57.1,1.53
57.2,39.96,57.2,1.53
57.3000000000,40.,57.3000000000,1.53
57.4000000000,39.98,57.4000000000,1.53
57.5,39.86,57.5,1.52
57.6,39.79,57.6,1.52
57.7,39.73,57.7,1.51
57.8000000000,39.73,57.8000000000,1.51
57.9000000000,39.69,57.9000000000,1.51
58.,39.51,58.,1.5
58.1,39.46,58.1,1.5
58.2,39.38,58.2,1.5
58.3000000000,39.36,58.3000000000,1.5
58.4000000000,39.38,58.4000000000,1.5
58.5,39.21,58.5,1.49
58.6,39.18,58.6,1.49
58.7,39.13,58.7,1.49
58.8000000000,39.04,58.8000000000,1.48
58.9000000000,39.09,58.9000000000,1.48
59.,39.03,59.,1.48
59.1,38.93,59.1,1.48
59.2,38.8,59.2,1.47
59.3000000000,38.8,59.3000000000,1.47
59.4000000000,38.68,59.4000000000,1.46
59.5,38.75,59.5,1.47
59.6,38.52,59.6,1.46
59.7,38.53,59.7,1.46
59.8000000000,38.47,59.8000000000,1.45
59.9000000000,38.37,59.9000000000,1.45
60.,38.38,60.,1.45
60.1,38.27,60.1,1.44
60.2,38.33,60.2,1.45
60.3000000000,38.2,60.3000000000,1.44
60.4000000000,38.14,60.4000000000,1.44
60.5,38.01,60.5,1.43
60.6,38.01,60.6,1.43
60.7,38.01,60.7,1.43
60.8000000000,37.93,60.8000000000,1.43
60.9000000000,37.93,60.9000000000,1.43
61.,37.78,61.,1.42
61.1,37.75,61.1,1.42
61.2,37.68,61.2,1.41
61.3000000000,37.72,61.3000000000,1.42
61.4000000000,37.68,61.4000000000,1.41
61.5,37.55,61.5,1.41
61.6,37.46,61.6,1.4
61.7,37.42,61.7,1.4
61.8000000000,37.49,61.8000000000,1.4
61.9000000000,37.36,61.9000000000,1.4
62.,37.36,62.,1.4
62.1,37.33,62.1,1.4
62.2,37.23,62.2,1.39
62.3000000000,37.17,62.3000000000,1.39
62.4000000000,37.1,62.4000000000,1.39
62.5,37.17,62.5,1.39
62.6,37.15,62.6,1.39
62.7,37.07,62.7,1.38
62.8000000000,36.96,62.8000000000,1.38
62.9000000000,36.91,62.9000000000,1.38
63.,36.86,63.,1.37
63.1,36.83,63.1,1.37
63.2,36.89,63.2,1.37
63.3000000000,36.78,63.3000000000,1.37
63.4000000000,36.69,63.4000000000,1.36
63.5,36.65,63.5,1.36
63.6,36.62,63.6,1.36
63.7,36.59,63.7,1.36
63.8000000000,36.53,63.8000000000,1.36
63.9000000000,36.4,63.9000000000,1.35
64.,36.37,64.,1.35
64.1000000000,36.37,64.1000000000,1.35
64.2,36.3,64.2,1.34
64.3,36.21,64.3,1.34
64.4,36.21,64.4,1.34
64.5,36.19,64.5,1.34
64.6000000000,36.02,64.6000000000,1.33
64.7,36.07,64.7,1.33
64.8,36.05,64.8,1.33
64.9,35.83,64.9,1.32
65.,35.84,65.,1.32
65.1000000000,35.75,65.1000000000,1.32
65.2,35.73,65.2,1.32
65.3,35.62,65.3,1.31
65.4,35.62,65.4,1.31
65.5,35.55,65.5,1.31
65.6000000000,35.55,65.6000000000,1.31
65.7,35.58,65.7,1.31
65.8,35.45,65.8,1.3
65.9,35.37,65.9,1.3
66.,35.34,66.,1.3
66.1000000000,35.31,66.1000000000,1.29
66.2,35.17,66.2,1.29
66.3,35.09,66.3,1.28
66.4,35.12,66.4,1.28
66.5,35.06,66.5,1.28
66.6000000000,35.14,66.6000000000,1.29
66.7,35.09,66.7,1.28
66.8,34.95,66.8,1.28
66.9,34.98,66.9,1.28
67.,34.94,67.,1.27
67.1000000000,34.86,67.1000000000,1.27
67.2,34.73,67.2,1.26
67.3,34.75,67.3,1.27
67.4,34.7,67.4,1.26
67.5,34.7,67.5,1.26
67.6000000000,34.7,67.6000000000,1.26
67.7,34.56,67.7,1.26
67.8,34.52,67.8,1.25
67.9,34.52,67.9,1.25
68.,34.52,68.,1.25
68.1000000000,34.46,68.1000000000,1.25
68.2,34.33,68.2,1.24
68.3,34.39,68.3,1.25
68.4,34.36,68.4,1.25
68.5,34.32,68.5,1.24
68.6000000000,34.27,68.6000000000,1.24
68.7,34.15,68.7,1.23
68.8,34.18,68.8,1.24
68.9,34.19,68.9,1.24
69.,34.16,69.,1.23
69.1000000000,34.05,69.1000000000,1.23
69.2,33.96,69.2,1.22
69.3,33.96,69.3,1.22
69.4,33.89,69.4,1.22
69.5,34.02,69.5,1.23
69.6000000000,33.9,69.6000000000,1.22
69.7,33.84,69.7,1.22
69.8,33.78,69.8,1.21
69.9,33.75,69.9,1.21
70.,33.81,70.,1.22
70.1000000000,33.72,70.1000000000,1.21
70.2,33.63,70.2,1.21
70.3,33.69,70.3,1.21
70.4,33.66,70.4,1.21
70.5,33.56,70.5,1.2
70.6000000000,33.5,70.6000000000,1.2
70.7,33.5,70.7,1.2
70.8,33.47,70.8,1.2
70.9,33.43,70.9,1.2
71.,33.41,71.,1.2
71.1000000000,33.32,71.1000000000,1.19
71.2,33.32,71.2,1.19
71.3,33.32,71.3,1.19
71.4,33.35,71.4,1.19
71.5,33.17,71.5,1.18
71.6000000000,33.11,71.6000000000,1.18
71.7,33.09,71.7,1.18
71.8,33.08,71.8,1.18
71.9,33.05,71.9,1.18
72.,33.11,72.,1.18
72.1000000000,32.99,72.1000000000,1.17
72.2,32.99,72.2,1.17
72.3,32.9,72.3,1.17
72.4,32.91,72.4,1.17
72.5,32.87,72.5,1.17
72.6000000000,32.81,72.6000000000,1.16
72.7,32.68,72.7,1.16
72.8,32.76,72.8,1.16
72.9,32.7,72.9,1.16
73.,32.67,73.,1.16
73.1000000000,32.62,73.1000000000,1.15
73.2,32.5,73.2,1.15
73.3,32.58,73.3,1.15
73.4,32.53,73.4,1.15
73.5,32.5,73.5,1.15
73.6000000000,32.35,73.6000000000,1.14
73.7,32.38,73.7,1.14
73.8,32.43,73.8,1.14
73.9,32.35,73.9,1.14
74.,32.29,74.,1.14
74.1000000000,32.26,74.1000000000,1.13
74.2,32.17,74.2,1.13
74.3,32.22,74.3,1.13
74.4,32.23,74.4,1.13
74.5,32.14,74.5,1.13
74.6000000000,32.05,74.6000000000,1.12
74.7,31.99,74.7,1.12
74.8,32.02,74.8,1.12
74.9,32.11,74.9,1.13
75.,31.98,75.,1.12
75.1000000000,31.84,75.1000000000,1.11
75.2,31.83,75.2,1.11
75.3,31.87,75.3,1.11
75.4,31.86,75.4,1.11
75.5,31.78,75.5,1.11
75.6000000000,31.78,75.6000000000,1.11
75.7,31.65,75.7,1.1
75.8,31.68,75.8,1.1
75.9,31.55,75.9,1.1
76.,31.59,76.,1.1
76.1000000000,31.52,76.1000000000,1.09
76.2,31.52,76.2,1.09
76.3,31.55,76.3,1.1
76.4,31.53,76.4,1.09
76.5,31.46,76.5,1.09
76.6000000000,31.35,76.6000000000,1.08
76.7,31.37,76.7,1.09
76.8000000000,31.34,76.8000000000,1.08
76.9,31.31,76.9,1.08
77.,31.29,77.,1.08
77.1000000000,31.28,77.1000000000,1.08
77.2,31.19,77.2,1.08
77.3000000000,31.25,77.3000000000,1.08
77.4,31.13,77.4,1.07
77.5,31.01,77.5,1.07
77.6000000000,31.13,77.6000000000,1.07
77.7,31.1,77.7,1.07
77.8000000000,30.95,77.8000000000,1.06
77.9,30.92,77.9,1.06
78.,31.,78.,1.07
78.1000000000,30.95,78.1000000000,1.06
78.2,30.88,78.2,1.06
78.3000000000,30.84,78.3000000000,1.06
78.4,30.89,78.4,1.06
78.5,30.82,78.5,1.06
78.6000000000,30.81,78.6000000000,1.05
78.7,30.72,78.7,1.05
78.8000000000,30.75,78.8000000000,1.05
78.9,30.7,78.9,1.05
79.,30.72,79.,1.05
79.1000000000,30.63,79.1000000000,1.05
79.2,30.58,79.2,1.04
79.3000000000,30.56,79.3000000000,1.04
79.4,30.57,79.4,1.04
79.5,30.48,79.5,1.04
79.6000000000,30.41,79.6000000000,1.03
79.7,30.29,79.7,1.03
79.8000000000,30.42,79.8000000000,1.03
79.9,30.44,79.9,1.03
80.,30.31,80.,1.03
80.1000000000,30.25,80.1000000000,1.02
80.2,30.25,80.2,1.02
80.3000000000,30.23,80.3000000000,1.02
80.4,30.19,80.4,1.02
80.5,30.17,80.5,1.02
80.6000000000,30.06,80.6000000000,1.01
80.7,30.07,80.7,1.01
80.8000000000,30.12,80.8000000000,1.02
80.9,30.1,80.9,1.02
81.,30.,81.,1.01
81.1000000000,29.87,81.1000000000,1.
81.2,29.88,81.2,1.
81.3000000000,29.9,81.3000000000,1.
81.4,29.94,81.4,1.01
81.5,29.84,81.5,1.
81.6000000000,29.74,81.6000000000,1.
81.7,29.81,81.7,1.
81.8000000000,29.75,81.8000000000,1.
81.9,29.71,81.9,0.99
82.,29.66,82.,0.99
82.1000000000,29.62,82.1000000000,0.99
82.2,29.61,82.2,0.99
82.3000000000,29.66,82.3000000000,0.99
82.4,29.62,82.4,0.99
82.5,29.55,82.5,0.99
82.6000000000,29.49,82.6000000000,0.98
82.7,29.47,82.7,0.98
82.8000000000,29.49,82.8000000000,0.98
82.9,29.43,82.9,0.98
83.,29.43,83.,0.98
83.1000000000,29.34,83.1000000000,0.97
83.2,29.26,83.2,0.97
83.3000000000,29.24,83.3000000000,0.97
83.4,29.31,83.4,0.97
83.5,29.31,83.5,0.97
83.6000000000,29.2,83.6000000000,0.97
83.7,29.11,83.7,0.96
83.8000000000,29.11,83.8000000000,0.96
83.9,29.1,83.9,0.96
84.,29.16,84.,0.96
84.1000000000,29.17,84.1000000000,0.96
84.2,29.08,84.2,0.96
84.3000000000,29.,84.3000000000,0.95
84.4,28.95,84.4,0.95
84.5,28.97,84.5,0.95
84.6000000000,29.,84.6000000000,0.95
84.7,28.95,84.7,0.95
84.8000000000,28.85,84.8000000000,0.95
84.9,28.68,84.9,0.94
85.,28.77,85.,0.94
85.1000000000,28.79,85.1000000000,0.94
85.2,28.79,85.2,0.94
85.3000000000,28.78,85.3000000000,0.94
85.4,28.69,85.4,0.94
85.5,28.71,85.5,0.94
85.6000000000,28.65,85.6000000000,0.94
85.7,28.64,85.7,0.93
85.8000000000,28.64,85.8000000000,0.93
85.9,28.69,85.9,0.94
86.,28.56,86.,0.93
86.1000000000,28.56,86.1000000000,0.93
86.2,28.51,86.2,0.93
86.3000000000,28.45,86.3000000000,0.92
86.4,28.45,86.4,0.92
86.5,28.36,86.5,0.92
86.6000000000,28.42,86.6000000000,0.92
86.7,28.41,86.7,0.92
86.8000000000,28.32,86.8000000000,0.92
86.9,28.23,86.9,0.91
87.,28.28,87.,0.91
87.1000000000,28.39,87.1000000000,0.92
87.2,28.31,87.2,0.92
87.3000000000,28.22,87.3000000000,0.91
87.4,28.19,87.4,0.91
87.5,28.08,87.5,0.9
87.6000000000,28.11,87.6000000000,0.9
87.7,28.12,87.7,0.91
87.8000000000,28.11,87.8000000000,0.9
87.9,28.11,87.9,0.9
88.,27.96,88.,0.9
88.1000000000,27.98,88.1000000000,0.9
88.2,28.02,88.2,0.9
88.3000000000,27.96,88.3000000000,0.9
88.4,27.98,88.4,0.9
88.5,27.95,88.5,0.9
88.6000000000,27.88,88.6000000000,0.89
88.7,27.82,88.7,0.89
88.8000000000,27.82,88.8000000000,0.89
88.9,27.82,88.9,0.89
89.,27.85,89.,0.89
89.1000000000,27.82,89.1000000000,0.89
89.2,27.63,89.2,0.88
89.3000000000,27.66,89.3000000000,0.88
89.4,27.71,89.4,0.88
89.5,27.76,89.5,0.89
89.6000000000,27.69,89.6000000000,0.88
89.7,27.65,89.7,0.88
89.8000000000,27.62,89.8000000000,0.88
89.9,27.58,89.9,0.88
90.,27.56,90.,0.87
90.1000000000,27.53,90.1000000000,0.87
90.2,27.56,90.2,0.87
90.3000000000,27.56,90.3000000000,0.87
90.4,27.53,90.4,0.87
90.5,27.45,90.5,0.87
90.6000000000,27.46,90.6000000000,0.87
90.7,27.48,90.7,0.87
90.8000000000,27.42,90.8000000000,0.87
90.9,27.48,90.9,0.87
91.,27.35,91.,0.86
91.1000000000,27.34,91.1000000000,0.86
91.2,27.28,91.2,0.86
91.3000000000,27.31,91.3000000000,0.86
91.4,27.34,91.4,0.86
91.5,27.36,91.5,0.86
91.6000000000,27.31,91.6000000000,0.86
91.7,27.19,91.7,0.85
91.8000000000,27.09,91.8000000000,0.85
91.9,27.11,91.9,0.85
92.,27.14,92.,0.85
92.1000000000,27.17,92.1000000000,0.85
92.2,27.14,92.2,0.85
92.3000000000,27.09,92.3000000000,0.85
92.4,27.11,92.4,0.85
92.5,27.05,92.5,0.85
92.6000000000,27.02,92.6000000000,0.84
92.7,27.05,92.7,0.85
92.8000000000,26.99,92.8000000000,0.84
92.9,26.99,92.9,0.84
93.,26.92,93.,0.84
93.1000000000,26.91,93.1000000000,0.84
93.2,26.87,93.2,0.83
93.3000000000,26.91,93.3000000000,0.84
93.4,26.91,93.4,0.84
93.5,26.88,93.5,0.84
93.6000000000,26.84,93.6000000000,0.83
93.7,26.74,93.7,0.83
93.8000000000,26.8,93.8000000000,0.83
93.9,26.75,93.9,0.83
94.,26.71,94.,0.83
94.1000000000,26.68,94.1000000000,0.82
94.2,26.67,94.2,0.82
94.3000000000,26.6,94.3000000000,0.82
94.4,26.64,94.4,0.82
94.5,26.57,94.5,0.82
94.6000000000,26.66,94.6000000000,0.82
94.7,26.51,94.7,0.81
94.8000000000,26.47,94.8000000000,0.81
94.9,26.4,94.9,0.81
95.,26.46,95.,0.81
95.1000000000,26.44,95.1000000000,0.81
95.2,26.44,95.2,0.81
95.3000000000,26.43,95.3000000000,0.81
95.4,26.33,95.4,0.8
95.5,26.44,95.5,0.81
95.6000000000,26.35,95.6000000000,0.81
95.7,26.32,95.7,0.8
95.8000000000,26.36,95.8000000000,0.81
95.9,26.28,95.9,0.8
96.,26.22,96.,0.8
96.1000000000,26.25,96.1000000000,0.8
96.2,26.29,96.2,0.8
96.3000000000,26.21,96.3000000000,0.8
96.4,26.16,96.4,0.79
96.5,26.11,96.5,0.79
96.6000000000,26.15,96.6000000000,0.79
96.7,26.09,96.7,0.79
96.8000000000,26.18,96.8000000000,0.8
96.9,26.13,96.9,0.79
97.,26.12,97.,0.79
97.1000000000,26.01,97.1000000000,0.79
97.2,25.92,97.2,0.78
97.3000000000,26.01,97.3000000000,0.79
97.4,25.98,97.4,0.78
97.5,25.98,97.5,0.78
97.6000000000,25.98,97.6000000000,0.78
97.7,25.9,97.7,0.78
97.8000000000,25.9,97.8000000000,0.78
97.9,25.84,97.9,0.78
98.,25.9,98.,0.78
98.1000000000,25.92,98.1000000000,0.78
98.2,25.84,98.2,0.78
98.3000000000,25.91,98.3000000000,0.78
98.4,25.78,98.4,0.77
98.5,25.76,98.5,0.77
98.6000000000,25.77,98.6000000000,0.77
98.7,25.78,98.7,0.77
98.8000000000,25.7,98.8000000000,0.77
98.9,25.66,98.9,0.77
99.,25.62,99.,0.76
99.1000000000,25.63,99.1000000000,0.76
99.2,25.67,99.2,0.77
99.3000000000,25.67,99.3000000000,0.77
99.4,25.62,99.4,0.76
99.5,25.56,99.5,0.76
99.6000000000,25.49,99.6000000000,0.76
99.7,25.48,99.7,0.76
99.8000000000,25.55,99.8000000000,0.76
99.9,25.59,99.9,0.76
100.,25.55,100.,0.76
100.1000000000,25.48,100.1000000000,0.76
100.2,25.42,100.2,0.75
100.3000000000,25.41,100.3000000000,0.75
100.4,25.39,100.4,0.75
100.5,25.55,100.5,0.76
100.6000000000,25.48,100.6000000000,0.76
100.7,25.35,100.7,0.75
100.8000000000,25.39,100.8000000000,0.75
100.9,25.3,100.9,0.74
101.,25.28,101.,0.74
101.1000000000,25.3,101.1000000000,0.74
101.2,25.32,101.2,0.75
101.3000000000,25.31,101.3000000000,0.75
101.4,25.31,101.4,0.75
101.5,25.2,101.5,0.74
101.6000000000,25.17,101.6000000000,0.74
101.7,25.27,101.7,0.74
101.8000000000,25.34,101.8000000000,0.75
101.9,25.23,101.9,0.74
102.,25.16,102.,0.74
102.1000000000,25.11,102.1000000000,0.73
102.2,25.09,102.2,0.73
102.3000000000,25.07,102.3000000000,0.73
102.4,25.07,102.4,0.73
102.5,25.04,102.5,0.73
102.6000000000,25.11,102.6000000000,0.73
102.7,25.11,102.7,0.73
102.8000000000,25.04,102.8000000000,0.73
102.9,25.02,102.9,0.73
103.,24.99,103.,0.73
103.1000000000,24.96,103.1000000000,0.73
103.2,25.04,103.2,0.73
103.3000000000,24.99,103.3000000000,0.73
103.4,24.93,103.4,0.72
103.5,24.92,103.5,0.72
103.6000000000,24.89,103.6000000000,0.72
103.7,24.89,103.7,0.72
103.8000000000,24.89,103.8000000000,0.72
103.9,24.79,103.9,0.72
104.,24.89,104.,0.72
104.1000000000,24.88,104.1000000000,0.72
104.2,24.78,104.2,0.71
104.3000000000,24.81,104.3000000000,0.72
104.4,24.78,104.4,0.71
104.5,24.79,104.5,0.72
104.6000000000,24.74,104.6000000000,0.71
104.7,24.74,104.7,0.71
104.8000000000,24.72,104.8000000000,0.71
104.9,24.66,104.9,0.71
105.,24.6,105.,0.7
105.1000000000,24.7,105.1000000000,0.71
105.2,24.6,105.2,0.7
105.3000000000,24.7,105.3000000000,0.71
105.4,24.63,105.4,0.71
105.5,24.56,105.5,0.7
105.6000000000,24.66,105.6000000000,0.71
105.7,24.54,105.7,0.7
105.8000000000,24.57,105.8000000000,0.7
105.9,24.6,105.9,0.7
106.,24.67,106.,0.71
106.1000000000,24.61,106.1000000000,0.71
106.2,24.48,106.2,0.7
106.3000000000,24.36,106.3000000000,0.69
106.4,24.45,106.4,0.7
106.5,24.42,106.5,0.69
106.6000000000,24.43,106.6000000000,0.69
106.7,24.49,106.7,0.7
106.8000000000,24.43,106.8000000000,0.69
106.9,24.48,106.9,0.7
107.,24.39,107.,0.69
107.1000000000,24.31,107.1000000000,0.69
107.2,24.31,107.2,0.69
107.3000000000,24.32,107.3000000000,0.69
107.4,24.38,107.4,0.69
107.5,24.38,107.5,0.69
107.6000000000,24.25,107.6000000000,0.68
107.7,24.27,107.7,0.68
107.8000000000,24.27,107.8000000000,0.68
107.9,24.2,107.9,0.68
108.,24.17,108.,0.68
108.1000000000,24.23,108.1000000000,0.68
108.2,24.2,108.2,0.68
108.3000000000,24.18,108.3000000000,0.68
108.4,24.2,108.4,0.68
108.5,24.21,108.5,0.68
108.6000000000,24.09,108.6000000000,0.67
108.7,24.06,108.7,0.67
108.8000000000,24.09,108.8000000000,0.67
108.9,24.06,108.9,0.67
109.,24.2,109.,0.68
109.1000000000,24.14,109.1000000000,0.68
109.2,24.06,109.2,0.67
109.3000000000,24.06,109.3000000000,0.67
109.4,23.99,109.4,0.67
109.5,24.,109.5,0.67
109.6000000000,24.03,109.6000000000,0.67
109.7,24.14,109.7,0.68
109.8000000000,23.98,109.8000000000,0.67
109.9,24.,109.9,0.67
110.,23.91,110.,0.66
110.1000000000,23.89,110.1000000000,0.66
110.2,23.88,110.2,0.66
110.3000000000,23.92,110.3000000000,0.66
110.4,23.85,110.4,0.66
110.5,23.95,110.5,0.67
110.6000000000,23.84,110.6000000000,0.66
110.7,23.78,110.7,0.66
110.8000000000,23.76,110.8000000000,0.66
110.9,23.87,110.9,0.66
111.,23.84,111.,0.66
111.1000000000,23.72,111.1000000000,0.65
111.2,23.84,111.2,0.66
111.3000000000,23.8,111.3000000000,0.66
111.4,23.78,111.4,0.66
111.5,23.59,111.5,0.65
111.6000000000,23.7,111.6000000000,0.65
111.7,23.72,111.7,0.65
111.8000000000,23.69,111.8000000000,0.65
111.9,23.76,111.9,0.66
112.,23.7,112.,0.65
112.1000000000,23.69,112.1000000000,0.65
112.2,23.62,112.2,0.65
112.3000000000,23.59,112.3000000000,0.65
112.4,23.59,112.4,0.65
112.5,23.62,112.5,0.65
112.6000000000,23.63,112.6000000000,0.65
112.7,23.67,112.7,0.65
112.8000000000,23.54,112.8000000000,0.64
112.9,23.56,112.9,0.64
113.,23.48,113.,0.64
113.1000000000,23.48,113.1000000000,0.64
113.2,23.52,113.2,0.64
113.3000000000,23.52,113.3000000000,0.64
113.4,23.51,113.4,0.64
113.5,23.48,113.5,0.64
113.6000000000,23.5,113.6000000000,0.64
113.7,23.45,113.7,0.64
113.8000000000,23.48,113.8000000000,0.64
113.9,23.44,113.9,0.64
114.,23.48,114.,0.64
114.1000000000,23.47,114.1000000000,0.64
114.2,23.37,114.2,0.63
114.3000000000,23.3,114.3000000000,0.63
114.4,23.32,114.4,0.63
114.5,23.34,114.5,0.63
114.6000000000,23.44,114.6000000000,0.64
114.7,23.47,114.7,0.64
114.8000000000,23.3,114.8000000000,0.63
114.9,23.26,114.9,0.63
115.,23.26,115.,0.63
115.1000000000,23.23,115.1000000000,0.62
115.2,23.34,115.2,0.63
115.3000000000,23.32,115.3000000000,0.63
115.4,23.29,115.4,0.63
115.5,23.25,115.5,0.63
115.6000000000,23.21,115.6000000000,0.62
115.7,23.22,115.7,0.62
115.8000000000,23.21,115.8000000000,0.62
115.9,23.18,115.9,0.62
116.,23.12,116.,0.62
116.1000000000,23.19,116.1000000000,0.62
116.2,23.1,116.2,0.62
116.3000000000,23.15,116.3000000000,0.62
116.4,23.1,116.4,0.62
116.5,23.07,116.5,0.61
116.6000000000,23.06,116.6000000000,0.61
116.7,23.12,116.7,0.62
116.8000000000,23.04,116.8000000000,0.61
116.9,23.18,116.9,0.62
117.,23.03,117.,0.61
117.1000000000,23.,117.1000000000,0.61
117.2,23.01,117.2,0.61
117.3000000000,23.01,117.3000000000,0.61
117.4,22.99,117.4,0.61
117.5,23.01,117.5,0.61
117.6000000000,22.93,117.6000000000,0.61
117.7,22.96,117.7,0.61
117.8000000000,23.15,117.8000000000,0.62
117.9,22.96,117.9,0.61
118.,22.89,118.,0.6
118.1000000000,22.88,118.1000000000,0.6
118.2,22.9,118.2,0.61
118.3000000000,22.95,118.3000000000,0.61
118.4,22.88,118.4,0.6
118.5,22.82,118.5,0.6
118.6000000000,22.84,118.6000000000,0.6
118.7,22.84,118.7,0.6
118.8000000000,22.8,118.8000000000,0.6
118.9,22.82,118.9,0.6
119.,22.82,119.,0.6
119.1000000000,22.85,119.1000000000,0.6
119.2,22.77,119.2,0.6
119.3000000000,22.78,119.3000000000,0.6
119.4,22.82,119.4,0.6
119.5,22.69,119.5,0.59
119.6000000000,22.7,119.6000000000,0.59
119.7,22.73,119.7,0.59
119.8000000000,22.74,119.8000000000,0.6
119.9,22.71,119.9,0.59
120.,22.64,120.,0.59
120.1000000000,22.74,120.1000000000,0.6
120.2,22.7,120.2,0.59
120.3000000000,22.77,120.3000000000,0.6
120.4,22.58,120.4,0.59
120.5,22.69,120.5,0.59
120.6000000000,22.69,120.6000000000,0.59
120.7,22.69,120.7,0.59
120.8000000000,22.67,120.8000000000,0.59
120.9,22.6,120.9,0.59
121.,22.59,121.,0.59
121.1000000000,22.52,121.1000000000,0.58
121.2,22.59,121.2,0.59
121.3000000000,22.59,121.3000000000,0.59
121.4,22.58,121.4,0.59
121.5,22.52,121.5,0.58
121.6000000000,22.49,121.6000000000,0.58
121.7,22.45,121.7,0.58
121.8000000000,22.58,121.8000000000,0.59
121.9,22.51,121.9,0.58
122.,22.56,122.,0.59
122.1000000000,22.48,122.1000000000,0.58
122.2,22.49,122.2,0.58
122.3000000000,22.48,122.3000000000,0.58
122.4,22.45,122.4,0.58
122.5,22.4,122.5,0.58
122.6000000000,22.39,122.6000000000,0.57
122.7,22.37,122.7,0.57
122.8000000000,22.36,122.8000000000,0.57
122.9,22.36,122.9,0.57
123.,22.4,123.,0.58
123.1000000000,22.4,123.1000000000,0.58
123.2,22.39,123.2,0.57
123.3000000000,22.39,123.3000000000,0.57
123.4,22.3,123.4,0.57
123.5,22.34,123.5,0.57
123.6000000000,22.26,123.6000000000,0.57
123.7,22.3,123.7,0.57
123.8000000000,22.24,123.8000000000,0.57
123.9,22.28,123.9,0.57
124.,22.19,124.,0.56
124.1000000000,22.22,124.1000000000,0.56
124.2,22.18,124.2,0.56
124.3000000000,22.24,124.3000000000,0.57
124.4,22.24,124.4,0.57
124.5,22.24,124.5,0.57
124.6000000000,22.14,124.6000000000,0.56
124.7,22.17,124.7,0.56
124.8000000000,22.19,124.8000000000,0.56
124.9,22.19,124.9,0.56
125.,22.13,125.,0.56
125.1000000000,22.11,125.1000000000,0.56
125.2,22.13,125.2,0.56
125.3000000000,22.09,125.3000000000,0.56
125.4,21.94,125.4,0.55
125.5,22.09,125.5,0.56
125.6000000000,22.1,125.6000000000,0.56
125.7,22.06,125.7,0.56
125.8000000000,22.03,125.8000000000,0.55
125.9,22.03,125.9,0.55
126.,22.03,126.,0.55
126.1000000000,22.,126.1000000000,0.55
126.2,21.96,126.2,0.55
126.3000000000,22.,126.3000000000,0.55
126.4,22.09,126.4,0.56
126.5,22.03,126.5,0.55
126.6000000000,22.03,126.6000000000,0.55
126.7,21.8,126.7,0.54
126.8000000000,21.92,126.8000000000,0.55
126.9,21.99,126.9,0.55
127.,22.,127.,0.55
127.1000000000,22.03,127.1000000000,0.55
127.2,21.98,127.2,0.55
127.3000000000,21.95,127.3000000000,0.55
127.4,21.91,127.4,0.55
127.5,21.95,127.5,0.55
127.6000000000,21.94,127.6000000000,0.55
127.7,21.98,127.7,0.55
127.8000000000,21.92,127.8000000000,0.55
127.9,21.85,127.9,0.54
128.,21.85,128.,0.54
128.1,21.89,128.1,0.55
128.2000000000,21.85,128.2000000000,0.54
128.3,21.85,128.3,0.54
128.4,21.81,128.4,0.54
128.5,21.84,128.5,0.54
128.6,21.76,128.6,0.54
128.7000000000,21.91,128.7000000000,0.55
128.8,21.8,128.8,0.54
128.9,21.75,128.9,0.54
129.,21.79,129.,0.54
129.1,21.83,129.1,0.54
129.2000000000,21.83,129.2000000000,0.54
129.3,21.77,129.3,0.54
129.4,21.77,129.4,0.54
129.5,21.77,129.5,0.54
129.6,21.8,129.6,0.54
129.7000000000,21.76,129.7000000000,0.54
129.8,21.7,129.8,0.53
129.9,21.68,129.9,0.53
130.,21.72,130.,0.54
130.1,21.68,130.1,0.53
130.2000000000,21.7,130.2000000000,0.53
130.3,21.7,130.3,0.53
130.4,21.62,130.4,0.53
130.5,21.73,130.5,0.54
130.6,21.75,130.6,0.54
130.7000000000,21.7,130.7000000000,0.53
130.8,21.66,130.8,0.53
130.9,21.61,130.9,0.53
131.,21.65,131.,0.53
131.1,21.73,131.1,0.54
131.2000000000,21.69,131.2000000000,0.53
131.3,21.62,131.3,0.53
131.4,21.58,131.4,0.53
131.5,21.62,131.5,0.53
131.6,21.65,131.6,0.53
131.7000000000,21.61,131.7000000000,0.53
131.8,21.57,131.8,0.53
131.9,21.54,131.9,0.52
132.,21.49,132.,0.52
132.1,21.6,132.1,0.53
132.2000000000,21.6,132.2000000000,0.53
132.3,21.57,132.3,0.53
132.4,21.57,132.4,0.53
132.5,21.46,132.5,0.52
132.6,21.49,132.6,0.52
132.7000000000,21.46,132.7000000000,0.52
132.8,21.53,132.8,0.52
132.9,21.43,132.9,0.52
133.,21.41,133.,0.52
133.1,21.43,133.1,0.52
133.2000000000,21.45,133.2000000000,0.52
133.3,21.49,133.3,0.52
133.4,21.47,133.4,0.52
133.5,21.54,133.5,0.52
133.6,21.53,133.6,0.52
133.7000000000,21.34,133.7000000000,0.51
133.8,21.42,133.8,0.52
133.9,21.45,133.9,0.52
134.,21.35,134.,0.51
134.1,21.28,134.1,0.51
134.2000000000,21.41,134.2000000000,0.52
134.3,21.41,134.3,0.52
134.4,21.36,134.4,0.51
134.5,21.38,134.5,0.51
134.6,21.34,134.6,0.51
134.7000000000,21.32,134.7000000000,0.51
134.8,21.32,134.8,0.51
134.9,21.41,134.9,0.52
135.,21.36,135.,0.51
135.1,21.28,135.1,0.51
135.2000000000,21.24,135.2000000000,0.51
135.3,21.3,135.3,0.51
135.4,21.3,135.4,0.51
135.5,21.31,135.5,0.51
135.6,21.31,135.6,0.51
135.7000000000,21.23,135.7000000000,0.51
135.8,21.19,135.8,0.5
135.9,21.22,135.9,0.51
136.,21.28,136.,0.51
136.1,21.31,136.1,0.51
136.2000000000,21.16,136.2000000000,0.5
136.3,21.23,136.3,0.51
136.4,21.22,136.4,0.51
136.5,21.27,136.5,0.51
136.6,21.16,136.6,0.5
136.7000000000,21.15,136.7000000000,0.5
136.8,21.15,136.8,0.5
136.9,21.11,136.9,0.5
137.,21.16,137.,0.5
137.1,21.27,137.1,0.51
137.2000000000,21.11,137.2000000000,0.5
137.3,21.2,137.3,0.5
137.4,21.19,137.4,0.5
137.5,21.08,137.5,0.5
137.6,21.03,137.6,0.49
137.7000000000,21.09,137.7000000000,0.5
137.8,21.13,137.8,0.5
137.9,21.16,137.9,0.5
138.,21.11,138.,0.5
138.1,21.05,138.1,0.5
138.2000000000,21.15,138.2000000000,0.5
138.3,21.15,138.3,0.5
138.4,21.05,138.4,0.5
138.5,21.07,138.5,0.5
138.6,21.04,138.6,0.49
138.7000000000,21.11,138.7000000000,0.5
138.8,21.11,138.8,0.5
138.9,21.04,138.9,0.49
139.,20.96,139.,0.49
139.1,21.05,139.1,0.5
139.2000000000,21.04,139.2000000000,0.49
139.3,20.97,139.3,0.49
139.4,20.94,139.4,0.49
139.5,20.93,139.5,0.49
139.6,20.97,139.6,0.49
139.7000000000,21.07,139.7000000000,0.5
139.8,20.97,139.8,0.49
139.9,20.94,139.9,0.49
140.,20.93,140.,0.49
140.1,20.97,140.1,0.49
140.2000000000,21.03,140.2000000000,0.49
140.3,20.92,140.3,0.49
140.4,20.92,140.4,0.49
140.5,20.86,140.5,0.48
140.6,20.93,140.6,0.49
140.7000000000,20.94,140.7000000000,0.49
140.8,20.89,140.8,0.49
140.9,20.81,140.9,0.48
141.,21.,141.,0.49
141.1,20.85,141.1,0.48
141.2000000000,20.96,141.2000000000,0.49
141.3,20.8,141.3,0.48
141.4,20.84,141.4,0.48
141.5,20.9,141.5,0.49
141.6,20.86,141.6,0.48
141.7000000000,20.82,141.7000000000,0.48
141.8,20.84,141.8,0.48
141.9,20.82,141.9,0.48
142.,20.84,142.,0.48
142.1,20.89,142.1,0.49
142.2000000000,20.78,142.2000000000,0.48
142.3,20.78,142.3,0.48
142.4,20.77,142.4,0.48
142.5,20.82,142.5,0.48
142.6,20.86,142.6,0.48
142.7000000000,20.74,142.7000000000,0.48
142.8,20.76,142.8,0.48
142.9,20.73,142.9,0.48
143.,20.85,143.,0.48
143.1,20.76,143.1,0.48
143.2000000000,20.7,143.2000000000,0.47
143.3,20.77,143.3,0.48
143.4,20.71,143.4,0.48
143.5,20.74,143.5,0.48
143.6,20.7,143.6,0.47
143.7000000000,20.7,143.7000000000,0.47
143.8,20.71,143.8,0.48
143.9,20.74,143.9,0.48
144.,20.65,144.,0.47
144.1,20.69,144.1,0.47
144.2000000000,20.66,144.2000000000,0.47
144.3,20.74,144.3,0.48
144.4,20.76,144.4,0.48
144.5,20.66,144.5,0.47
144.6,20.63,144.6,0.47
144.7000000000,20.69,144.7000000000,0.47
144.8,20.67,144.8,0.47
144.9,20.62,144.9,0.47
145.,20.66,145.,0.47
145.1,20.62,145.1,0.47
145.2000000000,20.66,145.2000000000,0.47
145.3,20.53,145.3,0.46
145.4,20.67,145.4,0.47
145.5,20.61,145.5,0.47
145.6,20.57,145.6,0.47
145.7000000000,20.54,145.7000000000,0.46
145.8,20.58,145.8,0.47
145.9,20.59,145.9,0.47
146.,20.7,146.,0.47
146.1,20.5,146.1,0.46
146.2000000000,20.54,146.2000000000,0.46
146.3,20.53,146.3,0.46
146.4,20.61,146.4,0.47
146.5,20.61,146.5,0.47
146.6,20.5,146.6,0.46
146.7000000000,20.54,146.7000000000,0.46
146.8,20.54,146.8,0.46
146.9,20.7,146.9,0.47
147.,20.51,147.,0.46
147.1,20.51,147.1,0.46
147.2000000000,20.54,147.2000000000,0.46
147.3,20.57,147.3,0.47
147.4,20.54,147.4,0.46
147.5,20.43,147.5,0.46
147.6,20.49,147.6,0.46
147.7000000000,20.53,147.7000000000,0.46
147.8,20.51,147.8,0.46
147.9,20.49,147.9,0.46
148.,20.44,148.,0.46
148.1,20.51,148.1,0.46
148.2000000000,20.44,148.2000000000,0.46
148.3,20.42,148.3,0.46
148.4,20.42,148.4,0.46
148.5,20.44,148.5,0.46
148.6,20.44,148.6,0.46
148.7000000000,20.35,148.7000000000,0.45
148.8,20.43,148.8,0.46
148.9,20.44,148.9,0.46
149.,20.44,149.,0.46
149.1,20.39,149.1,0.46
149.2000000000,20.4,149.2000000000,0.46
149.3,20.46,149.3,0.46
149.4,20.46,149.4,0.46
149.5,20.32,149.5,0.45
149.6,20.36,149.6,0.45
149.7000000000,20.4,149.7000000000,0.46
149.8,20.39,149.8,0.46
149.9,20.35,149.9,0.45
150.,20.3,150.,0.45
150.1,20.36,150.1,0.45
150.2000000000,20.4,150.2000000000,0.46
150.3,20.3,150.3,0.45
150.4,20.15,150.4,0.44
150.5,20.34,150.5,0.45
150.6,20.31,150.6,0.45
150.7000000000,20.38,150.7000000000,0.46
150.8,20.28,150.8,0.45
150.9,20.3,150.9,0.45
151.,20.26,151.,0.45
151.1,20.35,151.1,0.45
151.2000000000,20.35,151.2000000000,0.45
151.3,20.31,151.3,0.45
151.4,20.28,151.4,0.45
151.5,20.27,151.5,0.45
151.6,20.31,151.6,0.45
151.7000000000,20.27,151.7000000000,0.45
151.8,20.28,151.8,0.45
151.9,20.27,151.9,0.45
152.,20.24,152.,0.45
152.1,20.27,152.1,0.45
152.2000000000,20.23,152.2000000000,0.45
152.3,20.23,152.3,0.45
152.4,20.22,152.4,0.45
152.5,20.27,152.5,0.45
152.6,20.22,152.6,0.45
152.7000000000,20.2,152.7000000000,0.44
152.8,20.22,152.8,0.45
152.9,20.23,152.9,0.45
153.,20.22,153.,0.45
153.1,20.16,153.1,0.44
153.2000000000,20.18,153.2000000000,0.44
153.3,20.16,153.3,0.44
153.4,20.22,153.4,0.45
153.5,20.24,153.5,0.45
153.6000000000,20.2,153.6000000000,0.44
153.7000000000,20.23,153.7000000000,0.45
153.8,20.28,153.8,0.45
153.9,20.3,153.9,0.45
154.,20.24,154.,0.45
154.1000000000,20.27,154.1000000000,0.45
154.2000000000,20.28,154.2000000000,0.45
154.3,20.26,154.3,0.45
154.4,20.23,154.4,0.45
154.5,20.27,154.5,0.45
154.6000000000,20.2,154.6000000000,0.44
154.7000000000,20.22,154.7000000000,0.45
154.8,20.19,154.8,0.44
154.9,20.24,154.9,0.45
155.,20.22,155.,0.45
155.1000000000,20.11,155.1000000000,0.44
155.2000000000,20.15,155.2000000000,0.44
155.3,20.19,155.3,0.44
155.4,20.19,155.4,0.44
155.5,20.22,155.5,0.45
155.6000000000,20.18,155.6000000000,0.44
155.7000000000,20.2,155.7000000000,0.44
155.8,20.22,155.8,0.45
155.9,20.19,155.9,0.44
156.,20.15,156.,0.44
156.1000000000,20.15,156.1000000000,0.44
156.2000000000,20.13,156.2000000000,0.44
156.3,20.15,156.3,0.44
156.4,20.19,156.4,0.44
156.5,20.13,156.5,0.44
156.6000000000,20.11,156.6000000000,0.44
156.7000000000,20.16,156.7000000000,0.44
156.8,20.18,156.8,0.44
156.9,20.11,156.9,0.44
157.,20.07,157.,0.44
157.1000000000,20.11,157.1000000000,0.44
157.2000000000,20.05,157.2000000000,0.44
157.3,20.12,157.3,0.44
157.4,20.09,157.4,0.44
157.5,20.07,157.5,0.44
157.6000000000,20.08,157.6000000000,0.44
157.7000000000,20.05,157.7000000000,0.44
157.8,20.04,157.8,0.44
157.9,20.13,157.9,0.44
158.,20.05,158.,0.44
158.1000000000,20.05,158.1000000000,0.44
158.2000000000,20.07,158.2000000000,0.44
158.3,20.08,158.3,0.44
158.4,19.99,158.4,0.43
158.5,20.01,158.5,0.43
158.6000000000,20.03,158.6000000000,0.43
158.7000000000,20.03,158.7000000000,0.43
158.8,20.,158.8,0.43
158.9,19.95,158.9,0.43
159.,20.,159.,0.43
159.1000000000,20.01,159.1000000000,0.43
159.2000000000,19.93,159.2000000000,0.43
159.3,19.97,159.3,0.43
159.4,19.93,159.4,0.43
159.5,19.95,159.5,0.43
159.6000000000,19.93,159.6000000000,0.43
159.7000000000,19.92,159.7000000000,0.43
159.8,19.93,159.8,0.43
159.9,19.91,159.9,0.43
160.,19.91,160.,0.43
160.1000000000,20.,160.1000000000,0.43
160.2000000000,19.99,160.2000000000,0.43
160.3,19.97,160.3,0.43
160.4,20.03,160.4,0.43
160.5,20.08,160.5,0.44
160.6000000000,20.07,160.6000000000,0.44
160.7000000000,20.07,160.7000000000,0.44
160.8,20.05,160.8,0.44
160.9,20.15,160.9,0.44
161.,20.16,161.,0.44
161.1000000000,20.16,161.1000000000,0.44
161.2000000000,20.12,161.2000000000,0.44
161.3,20.18,161.3,0.44
161.4,20.13,161.4,0.44
161.5,20.19,161.5,0.44
161.6000000000,20.18,161.6000000000,0.44
161.7000000000,20.16,161.7000000000,0.44
161.8,20.18,161.8,0.44
161.9,20.19,161.9,0.44
162.,20.16,162.,0.44
162.1000000000,20.16,162.1000000000,0.44
162.2000000000,20.16,162.2000000000,0.44
162.3,20.15,162.3,0.44
162.4,20.16,162.4,0.44
162.5,20.16,162.5,0.44
162.6000000000,20.05,162.6000000000,0.44
162.7000000000,20.16,162.7000000000,0.44
162.8,20.15,162.8,0.44
162.9,20.16,162.9,0.44
163.,20.05,163.,0.44
163.1000000000,20.11,163.1000000000,0.44
163.2000000000,20.13,163.2000000000,0.44
163.3,20.12,163.3,0.44
163.4,20.07,163.4,0.44
163.5,20.24,163.5,0.45
163.6000000000,20.08,163.6000000000,0.44
163.7000000000,20.12,163.7000000000,0.44
163.8,20.11,163.8,0.44
163.9,20.11,163.9,0.44
164.,20.07,164.,0.44
164.1000000000,20.15,164.1000000000,0.44
164.2000000000,20.11,164.2000000000,0.44
164.3,20.08,164.3,0.44
164.4,20.08,164.4,0.44
164.5,20.07,164.5,0.44
164.6000000000,20.08,164.6000000000,0.44
164.7000000000,20.05,164.7000000000,0.44
164.8,20.07,164.8,0.44
164.9,20.08,164.9,0.44
165.,20.04,165.,0.44
165.1000000000,20.,165.1000000000,0.43
165.2000000000,20.,165.2000000000,0.43
165.3,20.04,165.3,0.44
165.4,20.01,165.4,0.43
165.5,20.05,165.5,0.44
165.6000000000,20.01,165.6000000000,0.43
165.7000000000,20.01,165.7000000000,0.43
165.8,20.04,165.8,0.44
165.9,20.,165.9,0.43
166.,19.97,166.,0.43
166.1000000000,20.01,166.1000000000,0.43
166.2000000000,19.99,166.2000000000,0.43
166.3,19.97,166.3,0.43
166.4,20.,166.4,0.43
166.5,20.03,166.5,0.43
166.6000000000,19.96,166.6000000000,0.43
166.7000000000,19.95,166.7000000000,0.43
166.8,19.99,166.8,0.43
166.9,19.99,166.9,0.43
167.,19.96,167.,0.43
167.1000000000,19.96,167.1000000000,0.43
167.2000000000,19.93,167.2000000000,0.43
167.3,19.99,167.3,0.43
167.4,19.95,167.4,0.43
167.5,19.95,167.5,0.43
167.6000000000,19.95,167.6000000000,0.43
167.7000000000,19.97,167.7000000000,0.43
167.8,19.92,167.8,0.43
167.9,19.96,167.9,0.43
168.,19.95,168.,0.43
168.1000000000,19.92,168.1000000000,0.43
168.2000000000,19.93,168.2000000000,0.43
168.3,19.88,168.3,0.43
168.4,19.95,168.4,0.43
168.5,19.97,168.5,0.43
168.6000000000,19.95,168.6000000000,0.43
168.7000000000,19.91,168.7000000000,0.43
168.8,19.85,168.8,0.42
168.9,19.91,168.9,0.43
169.,19.87,169.,0.42
169.1000000000,19.88,169.1000000000,0.43
169.2000000000,19.89,169.2000000000,0.43
169.3,19.91,169.3,0.43
169.4,19.85,169.4,0.42
169.5,19.87,169.5,0.42
169.6000000000,19.81,169.6000000000,0.42
169.7000000000,19.84,169.7000000000,0.42
169.8,19.92,169.8,0.43
169.9,19.84,169.9,0.42
170.,19.81,170.,0.42
170.1000000000,19.8,170.1000000000,0.42
170.2000000000,19.84,170.2000000000,0.42
170.3,19.85,170.3,0.42
170.4,19.81,170.4,0.42
170.5,19.8,170.5,0.42
170.6000000000,19.78,170.6000000000,0.42
170.7000000000,19.81,170.7000000000,0.42
170.8,19.84,170.8,0.42
170.9,19.8,170.9,0.42
171.,19.77,171.,0.42
171.1000000000,19.78,171.1000000000,0.42
171.2000000000,19.84,171.2000000000,0.42
171.3,19.74,171.3,0.42
171.4,19.73,171.4,0.42
171.5,19.77,171.5,0.42
171.6000000000,19.8,171.6000000000,0.42
171.7000000000,19.8,171.7000000000,0.42
171.8,19.72,171.8,0.42
171.9,19.77,171.9,0.42
172.,19.81,172.,0.42
172.1000000000,19.76,172.1000000000,0.42
172.2000000000,19.76,172.2000000000,0.42
172.3,19.7,172.3,0.42
172.4,19.81,172.4,0.42
172.5,19.7,172.5,0.42
172.6000000000,19.68,172.6000000000,0.41
172.7000000000,19.7,172.7000000000,0.42
172.8,19.68,172.8,0.41
172.9,19.77,172.9,0.42
173.,19.72,173.,0.42
173.1000000000,19.72,173.1000000000,0.42
173.2000000000,19.77,173.2000000000,0.42
173.3,19.74,173.3,0.42
173.4,19.72,173.4,0.42
173.5,19.68,173.5,0.41
173.6000000000,19.65,173.6000000000,0.41
173.7000000000,19.7,173.7000000000,0.42
173.8,19.65,173.8,0.41
173.9,19.7,173.9,0.42
174.,19.65,174.,0.41
174.1000000000,19.7,174.1000000000,0.42
174.2000000000,19.7,174.2000000000,0.42
174.3,19.66,174.3,0.41
174.4,19.65,174.4,0.41
174.5,19.7,174.5,0.42
174.6000000000,19.7,174.6000000000,0.42
174.7000000000,19.68,174.7000000000,0.41
174.8,19.65,174.8,0.41
174.9,19.66,174.9,0.41
175.,19.73,175.,0.42
175.1000000000,19.68,175.1000000000,0.41
175.2000000000,19.65,175.2000000000,0.41
175.3,19.65,175.3,0.41
175.4,19.68,175.4,0.41
175.5,19.64,175.5,0.41
175.6000000000,19.61,175.6000000000,0.41
175.7000000000,19.58,175.7000000000,0.41
175.8,19.68,175.8,0.41
175.9,19.66,175.9,0.41
176.,19.61,176.,0.41
176.1000000000,19.57,176.1000000000,0.41
176.2000000000,19.6,176.2000000000,0.41
176.3,19.61,176.3,0.41
176.4,19.62,176.4,0.41
176.5,19.62,176.5,0.41
176.6000000000,19.62,176.6000000000,0.41
176.7000000000,19.61,176.7000000000,0.41
176.8,19.6,176.8,0.41
176.9,19.57,176.9,0.41
177.,19.6,177.,0.41
177.1000000000,19.6,177.1000000000,0.41
177.2000000000,19.64,177.2000000000,0.41
177.3,19.61,177.3,0.41
177.4,19.54,177.4,0.41
177.5,19.62,177.5,0.41
177.6000000000,19.62,177.6000000000,0.41
177.7000000000,19.57,177.7000000000,0.41
177.8,19.56,177.8,0.41
177.9,19.58,177.9,0.41
178.,19.57,178.,0.41
178.1000000000,19.56,178.1000000000,0.41
178.2000000000,19.54,178.2000000000,0.41
178.3,19.57,178.3,0.41
178.4,19.54,178.4,0.41
178.5,19.54,178.5,0.41
178.6000000000,19.54,178.6000000000,0.41
178.7000000000,19.57,178.7000000000,0.41
178.8,19.6,178.8,0.41
178.9,19.57,178.9,0.41
179.,19.53,179.,0.4
179.1000000000,19.49,179.1000000000,0.4
